params:
  A: -0.002149
  D: -0.000153
  E: 184.183144
  F: 49.415229
  P: -0.013667
  Q: -6.8e-05
  S: -8.6e-05
  V: 0.00254012
  a0: 86.825336
  eps: 0.199582
  x0: 685.819
  y0: 535.18
proj: Borovicka
