params:
  A: 0.003811
  D: -0.00019
  E: 126.894838
  F: 189.8798
  P: -0.006772
  Q: -4.2e-05
  S: -5.3e-05
  V: 0.00318598
  a0: 89.601466
  eps: 0.554608
  x0: 648.99
  y0: 494.799
proj: Borovicka
