params:
  A: -0.005615
  D: -0.000153
  E: 142.648711
  F: 46.070331
  P: -0.007617
  Q: -5.3e-05
  S: -5.2e-05
  V: 0.00255613
  a0: 86.770652
  eps: 0.682613
  x0: 687.779
  y0: 537.432
proj: Borovicka
