params:
  A: 1.8e-05
  D: -1.7e-05
  E: 0.001858
  F: 0.048358
  P: -4.7e-05
  Q: -6.7e-05
  S: -1.5e-05
  V: 0.00196
  a0: 256.92069
  eps: 0.001218
  x0: 798.401
  y0: 609.282
proj: Borovicka
