params:
  A: 0.000155
  D: 0.000204
  E: 0.000934
  F: 0.012323
  P: -1.9e-05
  Q: -0.000722
  S: -0.00026
  V: 1.570231
  a0: 270.105832
  eps: 0.000478
  x0: 0.000665
  y0: 0.000583
proj: Borovicka
