params:
  A: 0.003798
  D: -0.000172
  E: 126.876992
  F: 186.84714
  P: -0.006724
  Q: -4.1e-05
  S: -5.1e-05
  V: 0.00194475
  a0: 256.915022
  eps: 0.544169
  x0: 796.163
  y0: 606.088
proj: Borovicka
