params:
  A: 0.003854
  D: -0.000154
  E: 130.839768
  F: 189.363396
  P: -0.006763
  Q: -4.1e-05
  S: -5.0e-05
  V: 0.00194463
  a0: 256.914129
  eps: 0.570763
  x0: 796.284
  y0: 605.741
proj: Borovicka
