params:
  A: 0.0038330000000000005
  D: -0.000192
  E: 127.910437
  F: 187.852341
  P: -0.006691
  Q: -4.2e-05
  S: -5.3e-05
  V: 0.00194479
  a0: 256.914847
  eps: 0.55556
  x0: 796.164
  y0: 605.979
proj: Borovicka
