params:
  A: -0.003691
  D: 4.1e-05
  E: 122.566444
  F: 0.042725
  P: 0.034962
  Q: -2.0e-06
  S: 0.000253
  V: 0.0019857500000000005
  a0: 256.916002
  eps: 0.496929
  x0: 796.196
  y0: 606.507
proj: Borovicka
