pixels:
  xs: 0.00436
  ys: 0.00436
projection:
  name: "Borovi\u010Dka"
  parameters:
    A: 0.00233
    D: 0.333199
    E: 0.0005905321524122813
    F: 0.0007383091801786412
    P: -26.188171
    Q: -0.00091
    S: -0.520351
    V: 0.540697
    a0: 1.5322274824789652
    epsilon: 0.011310571310964211
    x0: 0.230275
    y0: -0.049889
