pixels:
  xs: 4.36
  ys: 4.3972
projection:
  name: "Borovi\u010Dka"
  parameters:
    A: 0.001557
    D: 0.000111
    E: 4.3144539109299824e-05
    F: 3.9802284729877773
    P: 4.949488
    Q: -0.001626
    S: -0.000901
    V: 0.601652
    a0: 1.515203959834033
    epsilon: 0.001996621757696473
    x0: -0.496572
    y0: -0.293495
