projection:
  name: "Borovi\u010Dka"
  parameters:
    A: 0.004851
    D: -0.000431
    E: 1.8521540487248196
    F: 3.8670393505931817
    P: 5.0
    Q: -0.001445
    S: -9.5e-05
    V: 0.596002
    a0: 1.5163361025599242
    epsilon: 0.00824901945687088
    x0: -0.481636
    y0: -0.282756
pixels:
  xs: 4.36
  ys: 4.26
