pixels:
  xs: 4.36
  ys: 4.399000000000003
projection:
  name: "Borovi\u010Dka"
  parameters:
    A: 0.001674
    D: 0.000409
    E: 0.7371930770285761
    F: 4.034479554418483
    P: 5.496359
    Q: -0.001521
    S: -0.00025
    V: 0.602
    a0: 1.5146903268884637
    epsilon: 0.001618356548911742
    x0: -0.49494
    y0: -0.292199
