params:
  A: -0.004611
  D: 4.4e-05
  E: 129.462335
  F: 48.605398
  P: -0.01706
  Q: -5.8e-05
  S: 5.1e-05
  V: 0.00253008
  a0: 86.919946
  eps: 0.351654
  x0: 689.474
  y0: 536.734
proj: Borovicka
