params:
  A: -0.003683
  D: -0.001049
  E: 359.999999
  F: 20.939856
  P: -0.016996
  Q: -5.9e-05
  S: -2.0e-06
  V: 0.00253108
  a0: 86.900604
  eps: 0.119189
  x0: 687.902
  y0: 534.742
proj: Borovicka
