params:
  A: -0.001292
  D: 0.001398
  E: 359.999999
  F: 359.999999
  P: -0.014572
  Q: -6.4e-05
  S: -0.001132
  V: 0.00253882
  a0: 86.900744
  eps: 0.061096
  x0: 688.079
  y0: 535.373
proj: Borovicka
