params:
  A: -0.004611
  D: 4.4e-05
  E: 129.462335
  F: 48.605398
  P: -0.01706
  Q: -5.8e-05
  S: 5.1e-05
  V: 0.002597080000000009
  a0: 87.919946
  eps: 0.351654
  x0: 635.474
  y0: 476.734
proj: Borovicka
