params:
  A: -0.004776
  D: -7.0e-06
  E: 128.36327
  F: 49.77987
  P: -0.017237
  Q: -5.8e-05
  S: 5.2e-05
  V: 0.00252943
  a0: 86.924268
  eps: 0.403386
  x0: 689.737
  y0: 536.909
proj: Borovicka
