pixels:
  xs: 0.004426
  ys: 0.004436
projection:
  name: "Borovi\u010Dka"
  parameters:
    A: 0.0
    D: 0.0
    E: 8.115781021773633e-06
    F: 0.0007646811051762756
    P: 0.033887
    Q: 0.0
    S: 0.0
    V: 0.58443
    a0: 1.518436449235066
    epsilon: 1.0471975511965978e-06
    x0: -0.487
    y0: -0.280025
