params:
  A: 0.007379
  D: 1.0e-05
  E: 0.004357
  F: 293.906712
  P: -0.069483
  Q: -3.1e-05
  S: 9.2e-05
  V: 0.00133349
  a0: 87.793178
  eps: 0.000373
  x0: 852.464
  y0: 594.933
proj: Borovicka
