params:
  A: 0.00229
  D: -0.000936
  E: 0.001508
  F: 167.780386
  P: -0.006708
  Q: -4.1e-05
  S: -5.0e-06
  V: 0.00194502
  a0: 256.909433
  eps: 0.000828
  x0: 799.04
  y0: 609.516
proj: Borovicka
