params:
  A: 0.00386
  D: 0.01519
  E: 2.1868986872129086
  F: 3.304442658935641
  P: 3.358828
  Q: -0.000563
  S: -9.5e-05
  V: 0.446063
  a0: 4.484013136453423
  epsilon: 0.009284383675738955
  x0: -0.016993
  y0: 0.027907
proj: "Borovi\u010Dka"
