pixels:
  xs: 0.004426
  ys: 0.004437
projection:
  name: "Borovi\u010Dka"
  parameters:
    A: -0.003739
    D: -0.035003
    E: 2.216302807626618
    F: 0.16690114143252985
    P: 1.4e-05
    Q: 0.676166
    S: -4.044818
    V: 0.305224
    a0: 4.484034569096637
    epsilon: 0.00850455311265537
    x0: -0.015608
    y0: 0.028688
