params:
  A: 0.003529
  D: 0.007838
  E: 128.605455
  F: 191.06407
  P: 4.05861
  Q: -0.000493
  S: -6.0e-05
  V: 0.44624088
  a0: 256.914056
  eps: 0.486822
  x0: 3.525
  y0: 2.69
proj: Borovicka
