params:
  A: 0.003828
  D: 0.014011
  E: 127.920298
  F: 187.834027
  P: 3.442778
  Q: -0.000566
  S: -8.799999999999998e-05
  V: 0.449254071
  a0: 256.915629
  epsilon: 0.554241
  x0: -0.017
  y0: 0.026
proj: Borovicka
