params:
  A: 0.002291
  D: -0.023367
  E: 116.514851
  F: 167.512764
  P: 4.77997
  Q: -0.00049
  S: -0.00033
  V: 0.49420874
  a0: 256.911484
  eps: 0.00388
  x0: 3.196
  y0: 2.438
proj: Borovicka
