params:
  A: 0.00376
  D: -0.001469
  E: 2.2106157220721645
  F: 3.2871418034725672
  P: 3.381053
  Q: -0.000557
  S: -0.005619
  V: 0.446043
  a0: 4.484010117033816
  epsilon: 0.008872014733370256
  x0: -0.016148
  y0: 0.028139
proj: "Borovi\u010Dka"
