pixels:
  xs: 0.004436
  ys: 0.004436
projection:
  name: "Borovi\u010Dka"
  parameters:
    A: 0.0
    D: 0.0
    E: 3.961897402027128
    F: 0.008726646259971648
    P: 0.0
    Q: 0.0
    S: 0.0
    V: 0.15
    a0: 5.424483315198376
    epsilon: 0.9599310885968813
    x0: 0.0
    y0: 0.0
