pixels:
  xs: 0.004436
  ys: 0.004436
projection:
  name: "Borovi\u010Dka"
  parameters:
    A: 8.7e-05
    D: 2.0e-05
    E: 4.01278896899384
    F: 0.008730485984326035
    P: 8.0e-06
    Q: 0.0
    S: 3.1e-05
    V: 0.096566
    a0: 5.624933227872615
    epsilon: 1.1552040580037364
    x0: 6.0e-05
    y0: 8.8e-05
