params:
  A: -0.000721
  D: -0.002013
  E: 0.001577
  F: 146.025298
  P: -0.007323
  Q: -4.8e-05
  S: 4.0e-06
  V: 0.00193207
  a0: 252.651356
  eps: 2.0e-05
  x0: 804.874
  y0: 602.796
proj: Borovicka
