pixels:
  xs: 0.00436
  ys: 0.004359000000000013
projection:
  name: "Borovi\u010Dka"
  parameters:
    A: -0.002302
    D: 1.6e-05
    E: 2.613772659569206
    F: 1.4911492386711016
    P: 1.074161
    Q: -0.002488
    S: -0.000868
    V: 0.452072
    a0: 4.4094506287729995
    epsilon: 0.013736282265263492
    x0: 0.014864
    y0: -0.014848
