params:
  A: 0.002486
  D: -0.000901
  E: 0.001469
  F: 165.118492
  P: -0.006612
  Q: -4.4e-05
  S: -5.0e-06
  V: 0.001945
  a0: 256.905286
  eps: 0.000801
  x0: 798.844
  y0: 609.274
proj: Borovicka
