pixels:
  xs: 0.004426
  ys: 0.004436
projection:
  name: "Borovi\u010Dka"
  parameters:
    A: -0.017987
    D: 0.000369
    E: 6.224230406335123
    F: 0.0
    P: 0.145817
    Q: -0.005896
    S: -5.1e-05
    V: 0.129021
    a0: 1.6644146708611511
    epsilon: 0.8721726176810275
    x0: -0.1669
    y0: 0.166851
