pixels:
  xs: 0.004359
  ys: 0.004359
projection:
  name: "Borovi\u010Dka"
  parameters:
    A: 0.08499999999999994
    D: -2.0e-06
    E: 6.263986685407648
    F: 1.5707963267948966
    P: 1.053873
    Q: -0.002468
    S: -0.000983
    V: 0.12899999999999995
    a0: 1.720894642466411
    epsilon: 0.9215338450530067
    x0: 0.0
    y0: 0.0
