pixels:
  xs: 0.004446000000000003
  ys: 0.004437
projection:
  name: "Borovi\u010Dka"
  parameters:
    A: 0.008574
    D: -0.000684
    E: 3.8242992566314467
    F: 0.529379166454564
    P: 1.968817
    Q: -0.001352
    S: -82.36887
    V: 0.386855
    a0: 4.765592515198349
    epsilon: 0.014218254938201726
    x0: 0.022271
    y0: 0.047819
