pixels:
  xs: 0.004359
  ys: 0.004359
projection:
  name: "Borovi\u010Dka"
  parameters:
    A: -0.000587
    D: 0.388028
    E: 0.15265951653564394
    F: 0.0018714292904509198
    P: -1.643483
    Q: -0.000242
    S: -0.024426
    V: 0.140375
    a0: 1.721318338595623
    epsilon: 0.7833755536871896
    x0: 1.132967
    y0: 0.73027
